SampleID	Group	Distance_to_Centroid	PCoA1	PCoA2	PCoA3	PCoA4	PCoA5	PCoA6	PCoA7	PCoA8	PCoA9	PCoA10	PCoA11	PCoA12	PCoA13	PCoA14	PCoA15	PCoA16	PCoA17	PCoA18	PCoA19	PCoA20	PCoA21	PCoA22	PCoA23	PCoA24	PCoA25	PCoA26	PCoA27	PCoA28	PCoA29	PCoA30	PCoA31
31	Medium	0.559149380139943	0.0580521698957144	-0.0388184470494473	0.144242494384306	0.0101727999668722	-0.122639590701235	0.0452967813299848	0.112809013321959	0.0383225542886836	-0.0763485319551398	0.141187604911722	-0.0136765413167925	-0.0617108115993484	-0.221427962856966	0.125091355616415	-0.0325733369432519	0.13205841851678	0.213103884401638	0.0130762457234431	0.151813516367156	-0.0827332509673308	0.0468105755483106	-0.0334743445203513	0.232366829615849	-0.000547810679945592	0.0169246334654328	-0.000665473844776283	-0.0788723004615818	0.0678174067310946	-0.0372870229318062	0.0485920396768742	0.000858950797728584
46	Long	0.531414132898746	0.101843252828259	-0.0931047328983003	0.0609213217702868	-0.07707505380311	-0.159310097596175	-0.0817433480923209	0.0937812957098041	-0.152627253765372	-0.0471471964949479	-0.0294147908205473	0.035255690069639	0.0500428362858768	-0.109546263623258	-0.0332229912894772	0.0633102018527866	0.0687404423985328	-0.203024356294924	0.0369687923296802	-0.0249267778965454	-0.15888848887513	-0.0104877100585606	0.0138839460196462	-0.111978916653446	0.038260323078768	-0.23369094280838	0.0594066914912209	-0.166496497778945	-0.020031516614347	0.0588230426870228	0.0547712772623907	0.0422571164952515
91	Long	0.567912711867765	0.0552747019678077	0.0670588904064523	0.174628802029559	0.175741183834017	-0.214213652122961	0.0178772781064697	-0.140603070382047	0.0048413147300204	0.0752322484922389	0.143833392180908	0.0407897006939724	-0.0502458623317458	-0.0365102335753294	-0.223139209092749	0.0756223888298603	0.127817377447323	-0.117663061190367	0.0910498482931693	0.109860876917759	0.241615936897646	-0.0334977175850972	0.00573990403358938	-0.0108126912383307	-0.00969692873204012	-0.0336689778423377	0.0356203833198906	0.0859702170715876	0.00167139577707331	-0.0411020677498775	-0.00030473480636589	-0.0825900056880413
106	Medium	0.594290961006498	-0.0619236939397196	-0.198775963434515	-0.293536154075314	0.033342010362186	-0.101755263295416	0.0234152364977675	0.0520993404135618	0.123608794718963	0.105932786518567	0.015450109641994	-0.168669761414044	0.216105898880793	-0.127730283665954	0.101213774281833	0.0797265179958939	0.132136052499763	-0.0627199195876709	-0.0399380904554719	-0.0635456878156245	-0.00866322005097134	-0.0329731462861594	-0.107648226934368	0.0492462523892066	0.0733690542017957	0.0115094163736412	0.0397710429134179	0.146493965732276	-0.0724047197609861	0.0702713149365212	-0.0597654662582512	-0.068012255582917
47	Long	0.546008189313823	0.0777159513976301	-0.091568006013377	-0.162315809632149	-0.11831557079904	0.0399095153132892	0.139474559795811	-0.0938313765833308	-0.21042612567099	-0.0353765856393122	0.0899544430049789	0.0258945406934902	0.0636961846039957	0.0191746415379214	-0.0886988448828584	0.209478098263282	-0.0921130417498068	0.0125794740294299	0.126989621256411	-0.00531035138195207	-0.0519105772341185	0.128151691948374	0.101438658675838	0.0732062700855336	-0.0963399484392514	0.15754426693773	0.135059587690008	0.0444322875071542	0.0285810958830599	0.0630022391014956	0.0759771143859041	0.0288079408971786
107	Short	0.347266290908403	0.152334351051042	-0.149948580332744	0.10174379717718	-0.0279104017640824	-0.00697387393759192	0.012635194904358	-0.0683914023254056	0.0497855527252843	-0.0385064771861449	0.0393500462979914	-0.0100004856111827	-0.0747270267948094	-0.0779953000748331	0.0159466306387212	0.0451528938787537	-0.0558463217779165	0.00344277400343243	0.0158436041754503	0.0203919826309673	-0.0273006713039305	-0.0135804299825923	-0.040393724254265	-0.0669615964765485	-0.0591929651554655	0.0962048521146244	0.002739707793118	-0.0305369105491727	-0.289483796407066	-0.105413845790525	-0.114489245297857	0.190468650493606
48	Long	0.496621789140762	0.00139211191972674	-0.314116985347235	0.0397217753961371	0.0261584405389193	-0.0791715464899003	0.0495177349729869	-0.0273201187837185	-0.0740840014899254	-0.058825729781127	0.0225995649677033	0.107142518922502	-0.0743657521275459	0.0908301459943427	-0.0814015307961536	-0.14199152351531	0.00556399442430553	0.15708797188312	0.00224428438442902	-0.0951004409796381	-0.0297660332440489	0.0308494005451305	-0.224691407118068	-0.140236704354011	0.109730738076504	-0.00810289230305205	-0.00381429365689358	0.149764591330876	0.0658006585948393	0.00492661440676964	0.0869131411119766	0.0825194224942842
93	Short	0.490037002585978	0.127427502065804	0.150452027243978	-0.117567231603023	0.0547019367139806	-0.0615171324147383	-0.0390729619032253	-0.110784899668974	-0.127454976948938	0.136726902228893	0.0890713037563926	-0.00659000031173749	0.0225821802247546	-0.114984592942796	-0.0411320314346325	-0.0390453892955819	0.0285813385753809	0.0481909286516713	-0.050117767181129	-0.121095226123243	0.0620535974513082	0.0730486899037337	0.0393825370195722	-0.0174430412776692	0.0161116309693825	0.0565945358193654	-0.302898852424918	-0.0876328238269689	0.0340528061288336	0.109704468125124	-0.028640433199007	0.105479652821825
34	Medium	0.579161015775722	0.00926039864325041	0.0417494596985466	0.073428692357141	0.0993579300056918	-0.186594866304465	0.0734122708824018	0.0311050354935357	0.171567359927522	-0.112001422802499	-0.308680926796283	-0.0417779786108409	0.225447267229155	0.0940407509687839	-0.0989517455969023	0.0416765073805304	-0.153926105972164	-0.000972067789809893	0.0284447443352585	0.072602416862383	0.0371387697916591	0.18452870706228	-0.0660967051293164	0.0534283778846154	0.0462700692574386	0.025369922350291	-0.065002471551231	-0.082346107161612	0.00755751698549851	-0.0126655328207688	0.0100261966395241	0.0162507621004654
49	Long	0.516852085725101	0.078337555394671	-0.045016845426773	0.171945060683404	0.0515167986203851	-0.219665665062045	0.0579162108305206	0.175460187570613	-0.128184343631884	0.0236178514012221	0.0318827567101813	-0.00868770131781214	-0.00167350947826362	0.247388279859421	0.0742795117458243	-0.0826940987837181	-0.0367020610892834	0.0836860484467667	-0.0710422821729383	0.0357060105454692	-0.0459630041983332	-0.0812604931902386	0.0901042957536071	-0.0239589100670554	-0.10833997277368	0.0517438300970962	-0.0137536685065035	0.0158848032966395	-0.09538728419545	0.14486326020211	-0.0659363462715763	-0.139785300896692
94	Short	0.558038474403667	0.0492014139441358	0.249563204271039	0.00279508025514091	0.125080135395271	0.0791469764643069	0.0274874850543093	0.180933061329243	0.0273066332077794	0.135745142615121	0.131023653186298	-0.0612466551040784	0.0275488494372342	0.0976052614607225	0.0725858738212392	0.0829871041125713	0.0125716381305913	-0.0534286851622641	0.0607703763829354	0.00425226303351838	-0.182311449904565	0.122913044038459	-0.00942321844814905	-0.109048203272638	-0.0622916959416288	-0.0376309246903127	-0.119920467112853	0.122713148425121	-0.0188599598397245	-0.147458035390557	0.0840640828435275	-0.0320318248717725
36	Long	0.700643335104019	-0.458555711245544	-0.0359120613761338	0.0110860696028761	0.337584643141987	0.0614350606238449	-0.254337265448525	0.126298923859979	-0.176752886931005	-0.134937451686046	-0.0697477636515896	0.017676813089716	-0.0797332156775916	-0.109411575741638	0.0732537390040986	0.129973618450022	-0.0889000443158094	0.0292114301037205	0.0440425226076303	-0.0264356725685165	0.0526549488875731	-0.0104425901380334	0.02589980267033	-0.0264053493267541	0.0163505149990765	0.0500912233431748	0.00530110121510001	0.0174510205118877	0.00483546834730697	0.00647717295348665	-0.0241528855509143	0.00386753655772373
96	Medium	0.549473449144106	0.029220818115165	0.0686253375658595	-0.136883735093213	-0.0282193159679135	-0.0738009656219604	-0.210808357841586	0.00884340343698425	-0.0429930005752317	0.17297332374202	0.0257510688947135	0.0221003909732836	0.025396930735997	-0.0871458112871982	-0.204321358780025	-0.111102445553957	-0.265524040504909	0.0479904025016504	-0.207521493746373	0.0502776447990798	-0.0778254909287956	-0.074710796522841	0.0188557837854729	0.107157970427676	0.0120256360899596	-0.0418626566184404	0.0700485408091224	0.0430568418130681	-0.031826689819944	-0.0755702950777852	0.0378736436366355	-0.0276223071383876
113	Long	0.52909775878778	0.00384079567010238	-0.250936569886644	-0.225719323739052	0.0105795728723008	-0.0837429547969088	0.137506613845522	0.00838484068269322	-0.0478374885765605	0.0203064744773839	0.000841040045196853	0.0834849760982911	-0.11389574985186	0.154677215226754	0.0799556921230334	0.0298021744357741	-0.0723322752031729	-0.122777688461917	0.0921034894579965	-0.0450198464350751	0.0145364611911896	-0.166317058247771	0.0200613095240669	0.131769345491152	0.0663249819063573	-0.0013808608961604	-0.121796473029572	-0.107498829925863	0.0729989553788172	-0.146976989300909	-0.0290740962794654	-0.0453120611355504
39	Long	0.486270847539325	-0.0282644476493376	-0.182884907677423	0.177537424952968	0.124108406625179	0.150039164208898	-0.0435251608473828	-0.169071428641946	0.0902656833583768	0.100751563932675	-0.0139209777206744	-0.0778088771569159	0.0086046730093213	0.111384093896647	0.0781676431981584	-0.0371035195507496	-0.0381005204400881	-0.00346305500908781	0.0408222771431561	-0.0924147166649524	0.0118974283129517	0.0306629030945983	0.102030502007116	0.197612701369112	-0.090864741485303	-0.226313720684471	0.00224314744053539	0.0781969990453891	-0.0070028975244611	0.0575237762518077	0.0217108609487437	0.12436220369147
99	Short	0.493641715227051	0.0827381771243031	0.0529789811590639	0.100032663452509	-0.176773054092658	0.12422615200016	-0.104960086439098	-0.0869139206348686	0.0450143047927001	0.0943615590099747	0.0704315758386531	-0.0425655168006159	-0.104498597965214	-0.0333873171915269	0.11347278186076	0.0234689078048757	-0.226631304093223	-0.0261638371672732	0.197074752618608	0.142296931298919	-0.00692358632026577	0.0275448021812614	-0.130772484559583	-0.0365195576237811	0.150971239485443	-0.021664021995374	-0.0271725639283636	0.00748995115990559	0.0255058723044122	0.103556952772928	-0.063223487872334	-0.114118548369792
40	Short	0.704727515116383	-0.455145735052978	0.0913311308020327	0.100207818735325	-0.188664994990952	-0.0218221104483735	0.0736907814420287	-0.0333590103278142	0.0636124515603583	0.0173421640090563	0.166666189507436	0.323093947804631	0.245154538228188	0.00666478169330144	0.126411411205855	-0.0395802225347884	-0.0312713742445283	-0.0611924633899718	-0.0616401863282737	0.0304802309937363	0.0483379200169263	-0.010680950532543	0.0093028814539599	-0.0217906732335719	-0.0108229847817564	0.00268635707502487	-0.00881664444956855	0.00327095817397623	0.00133867100062779	-0.00626654922977683	-0.00530835966477477	0.0595009696805269
100	Medium	0.57235944259401	-0.00845553190164885	0.11103064734535	0.0974246311390197	-0.0873321736583655	0.154302796373483	0.15367514726838	0.0669040458238087	-0.173505976904615	0.202645959150248	-0.317842078341806	0.116715466668627	0.055124403467522	-0.145644914060505	-0.0512802632471586	-0.0738846832307548	0.0898193057519299	0.103013056651237	0.152315388313888	-0.0842436296218403	0.014044192277151	-0.0660990318307964	-0.0342641636859214	0.0358206267672669	-0.0485130559107881	-0.0199984807731606	0.00981008234742085	0.0316643020809202	-0.0446514906666543	-0.0415613801239331	-0.0384124449047653	-0.0722548102388615
115	Short	0.472421205473765	0.0973998895753892	-0.0737995915212162	0.0704923183574942	-0.0553701563772744	0.0193547214118027	-0.0343332335213879	0.0445281252692976	0.21083935731438	-0.00647963066022056	-0.106972024454036	-0.0552791045627782	0.0210953145928102	-0.10601492956052	-0.0014479602666596	0.0644252588762491	-0.0480271847298072	-0.0242311658542101	0.017577080036966	0.0590393682830648	-0.00565047842954123	-0.272517266219818	0.0410602424701414	-0.11755288124158	-0.161601013527502	0.10293931985817	-0.0704902303972298	0.047680521037029	0.137810225230107	0.0466514621871108	0.0983648140309735	0.0763077100561418
41	Medium	0.732058151866685	-0.507753210006876	0.144187403252828	0.0373027900437308	-0.278614467335003	-0.109900773314317	0.0590230984596481	-0.0359816299519446	-0.0171777742766753	0.00428380095775581	-0.0246476152005063	-0.318721581105817	-0.164427435188477	0.0879051975800833	-0.128300766275521	0.0212392760841994	0.0752178970100888	0.0228003631719919	-0.00507820980258251	-0.0217343718630244	-0.0436324186079224	-0.0212564865733753	-0.000718882846983198	0.0103153886308467	0.0142425248361849	-0.00391190598964876	-0.0181133118238308	-0.0110338347708386	0.00285257704720971	-0.0130279596150756	-0.00819719778374388	0.0527937998223303
56	Short	0.535768020906873	0.125628753027237	-0.0351561260293628	-0.0477618530648985	-0.168995111688078	0.154333278853171	-0.0733537575526575	0.0622669031382563	0.00844953652031362	-0.208584867892713	0.106918550573286	-0.0581341632490399	0.139128223131387	0.0494218614885808	-0.0555122170165096	0.152879870325444	-0.00221839794605199	0.235647879666051	-0.032043754402912	-0.070624483795784	0.180181723561705	-0.0495903751300588	0.0232389318934243	-0.0550943113749519	-0.00771134970426344	-0.156341460305107	-0.058414327329479	-0.0428089609340326	-0.0447855177692805	-0.054346043557483	0.00721772839472895	-0.104586555337083
101	Long	0.565331983793111	-0.0280499681088213	-0.119768215161125	0.0579866493934797	0.117796054196832	0.207686052213752	-0.119382586668639	-0.257024796800069	-0.100289250350269	0.0328976145205105	-0.000671345373665604	-0.102679237869146	0.213473113716294	0.117170394600178	-0.0261152116949117	-0.0858819770394276	0.163825853825149	0.0185427336366902	-0.0313976753614044	0.152445846417957	-0.122644786780208	-0.0572042097096696	0.0147175835734403	-0.0601605864546881	0.065365175255984	0.105206257668704	0.0196296190022055	-0.117575101316339	0.0328341505151163	-0.0517143484850375	-0.00524845557716529	-0.0511992747386015
116	Long	0.593297471955727	-0.156298254745911	-0.235134818547801	-0.114864066159293	0.094859696795947	0.185367760326713	0.188887490214523	0.161438082116096	0.17641106620178	0.148727861405159	0.0768549240120217	-0.0214925215261162	-0.111820999823288	-0.0664850731397675	-0.108373412367129	-0.124378226552292	-0.0310253072936394	-0.00072953614567652	-0.0323150297709921	0.0345377123010608	0.0784958610455288	0.132312278886565	0.063028745929359	-0.127068761105122	-0.0582765656751973	-0.0124028655659523	0.0661927462005543	-0.161828362782065	0.00902646560975252	0.0358304832152731	-0.0005393825879978	-0.0515035954847391
57	Short	0.523119265277818	0.0989570715424586	-0.144701796555962	0.250420557223765	-0.141632840666833	0.0226004252314687	-0.102394352090664	0.0030937339234747	0.10271549691325	-0.0779202959573204	-0.0374150422966981	0.0378422601420738	-0.0609108872401682	-0.0792252924562727	-0.0261947745612391	-0.00933816195164017	0.0380032110007856	-0.112975559550793	-0.105349727290847	-0.209464330740373	-0.0551775195235942	0.123444883233077	0.17751377497465	0.0101706200331179	0.100354779519078	0.120783372363602	-0.0185186005908299	0.0755097711966199	0.0653523875288329	-0.0529036536012956	-0.0478737876072904	-0.128632186031201
87	Medium	0.412082765152952	0.169901105889563	0.169943128268854	-0.0540323633384749	0.0243297338342854	-0.0371232600735033	-0.0310959116865842	0.100455438910531	-0.0121467094341096	-0.0191696337804808	0.0544644049653414	-0.0481834633998774	0.0620826840976306	0.0532134046460506	0.0122947998286893	-0.0553680149444597	-0.00316208270610645	0.029865078231002	0.0346886587303489	-0.0411211065623849	0.00994312753436633	0.00856179709113143	-0.00559499679357045	-0.050240413150833	-0.0437564447796717	-0.0318416258803675	0.159889065716841	0.0105820711256577	0.224504256926964	-0.0462278432407694	-0.215056441890517	0.137790218455521
58	Short	0.567394930332333	0.0709491042573518	0.0744581480614351	-0.0231191048490675	0.0101010103389879	-0.0238072360116972	0.206115713305818	-0.200852164575262	-0.171423734227114	-0.114026249950357	-0.0952237179634799	-0.135043523255236	-0.055602190582172	-0.118410904806343	0.243337202692287	-0.0764358625197808	-0.0893192709207294	-0.0800788612695406	-0.197563729410987	0.0408437170733545	0.10613472228854	0.0504299505700369	-0.0220410925152707	-0.086697723744045	-0.0777745557278542	-0.0563705740202875	0.0328654548632911	0.0359715486552964	0.0319739939397752	-0.0521961289040787	0.0394653188573224	-0.0614031328366253
103	Medium	0.517705238497601	0.100509674456089	0.0663744435700364	-0.0601220489843149	-0.00417939270485946	0.207673232842531	0.139580666582576	0.137903820403462	-0.0427006389408297	-0.0782422024040188	-0.0894488059868453	0.0853835885356625	-0.0916839446721503	0.0516271027091522	-0.0645165756633973	0.0793400416623604	0.0892202819463889	-0.0537422684256517	-0.15871457866546	0.225545026493982	0.0077868199082732	-0.0253051812047138	0.0923238603525168	0.0460738296707208	0.189794462144021	-0.042851199885804	-0.0466120909559666	0.119574918203228	-0.0157502261682446	0.0615618710454887	-0.030223706401588	0.116484904754664
118	Short	0.608921571805142	-0.0309680031149349	0.0277522852883527	-0.326570120308445	-0.0807176930375767	-0.097244685798047	-0.2041948201412	-0.143364356135748	0.123804853218878	-0.120839287540877	-0.131813436910595	0.164102271454838	-0.127028593121479	0.0299600459546188	0.0265853284197823	-0.107055666711742	0.129713827855177	0.0517098974829071	0.0947757040205379	0.11125453198501	-0.0582888518805224	0.0951448741151186	0.0830833244566078	-0.0450998997780862	-0.134326672099551	-0.056857333069728	-0.03121121929367	0.0605444345964203	-0.0318364338678554	0.0085794027126203	-0.0260742595301883	-0.0566897245695715
59	Medium	0.490470507433966	0.12106909324208	0.179096396573047	-0.062080216727069	-0.0191736038244251	-0.0808800368047915	-0.103980778078635	0.0513369798428177	0.0569008390202083	0.116755986153677	-0.0495640809339045	-0.0298127491528997	-0.0270016249256912	0.0893993278618414	0.178151205060396	-0.0739976370318395	0.0456484862569779	0.0557784057721731	0.0717144938043242	-0.0688505869360768	0.158999282828314	-0.0194847506714916	0.130067181182904	-0.0391020086889762	0.185340106715035	0.0822460690612565	0.147991349647173	-0.0545471209278223	-0.0707088712359849	-0.012178431341096	0.137921071513441	0.0813339620494123
104	Medium	0.538570405884144	0.071036079630102	0.0610830869876044	0.0247561175672567	-0.0422923550632345	0.0770324739121484	-0.145594301655516	0.000675750680820334	0.0348966794480564	0.13172230933045	-0.0717931193109486	0.116214442838505	-0.140070138290291	0.138586436430469	0.0407053654716318	0.204181657638523	0.108505927078061	-0.044340431232693	-0.195123371596296	-0.051597858331871	0.0453249367973855	0.0462176434931007	-0.23992336946873	0.0704833217548273	-0.116087843130483	0.0517315660028528	0.059249826130637	-0.10256339859156	0.0255475338406442	0.0274700370815432	0.0172249706890905	-0.0151813573501566
119	Long	0.644704158705106	-0.00650490301351107	0.314681124123685	-0.0340758143366153	0.214185413162244	0.0309419168572693	0.203012595705226	-0.183840156883076	0.181494557377137	-0.140990634952012	0.0480215990241583	0.085820474335435	-0.0698704992978775	-0.0256416779807229	-0.0503351648756038	0.0537685836792732	-0.0328778893729665	0.0707546621947673	-0.0114295809286098	-0.162420391459468	-0.17305775372464	-0.126449747254737	-0.0108595955454756	-0.00356532824075779	0.0709600720363644	-0.0199648090555721	0.073209856689577	-0.0543003930201	-0.0356573636293193	0.0608498060285525	-0.00479238546781269	-0.0647697190489869
60	Medium	0.558788675739404	0.0598294871414029	0.139277952639895	-0.038026222610653	-0.0143495806316813	0.16611418416129	-0.0597479372309089	0.133020349767262	-0.0322328736001727	-0.250627349261732	0.0928534982426029	-0.061147220555736	0.0337837413270153	0.0205131910547624	-0.0785082571277984	-0.266602335111105	0.0205531696429696	-0.215902034296397	0.0787735935000443	-0.057442596827046	0.0615918531834014	-0.0287633005726791	-0.125831053956192	0.132086023182922	-0.0693267600270097	0.0732796298531897	-0.0118275143744255	0.00178829108385001	-0.061674670270646	0.0368042234529198	0.0471908569604839	-0.0033911418491509
