SampleID	Group	Distance_to_Centroid	PCoA1	PCoA2	PCoA3	PCoA4	PCoA5	PCoA6	PCoA7	PCoA8	PCoA9	PCoA10	PCoA11	PCoA12	PCoA13	PCoA14	PCoA15	PCoA16	PCoA17	PCoA18	PCoA19	PCoA20	PCoA21	PCoA22	PCoA23	PCoA24	PCoA25	PCoA26	PCoA27	PCoA28	PCoA29	PCoA30	PCoA31
31	Medium	0.568668547754325	0.0990197667611808	0.0189813874148164	-0.0782828147754321	-0.112108787338285	-0.049179842318937	-0.140966286251963	0.0228436360199944	-0.105984642069748	0.023183542664652	0.0682347202693024	0.166149661393362	-0.0367768387592834	-0.102679229281908	-0.0930587766786746	-0.0138532968564835	0.109301086590511	0.0621755198161252	0.192337488564105	0.193017912110894	0.312797241588954	-0.0545444474845971	0.0987265601657833	0.0326999903527308	0.103321115861782	-0.0104425275747317	0.0295513454315953	0.0332882528757903	0.0788202053069985	-0.0307990470888358	-0.0103705187678996	0.00569256011439367
46	Long	0.562342167757121	0.173283362237737	0.077559889679739	-0.140250614111532	0.0163870778108728	-0.0415161434423309	-0.092547645525998	-0.0387069887294836	-0.0920002670073563	0.12412380288877	-0.0667592104204777	0.019067946501113	0.0387692678976727	-0.042734476347826	-0.0830689696926978	0.0932159256596912	0.00937422891905816	0.0585086491331225	-0.0011685422750522	0.127206516698656	-0.194693369553397	0.0966964948518543	-0.0585533452598294	-0.173087803196974	0.0023557439874539	-0.0738740292491872	-0.00705695708784732	-0.217068431011831	0.177160969141242	0.151989230716953	0.0244127135897982	0.025874118447716
91	Long	0.581997843503549	0.0246742760685691	-0.0823732380576422	0.0669947785801368	-0.219268760734711	-0.0367124553137182	-0.207808499555689	-0.152297113593225	0.067170665015092	-0.125485785118543	-0.10428965508183	0.116863533154789	-0.0341683688560367	0.0667838787356218	-0.0555012844547874	0.168384586931122	0.00872142850908304	0.19585222825949	-0.0430946562327306	-0.0632711977073246	-0.147282251232455	-0.193576912908609	0.0166670518241341	0.190042852073183	-0.0859529750080539	-0.0115007043503518	-0.0465651466845327	0.0104476884693081	0.0313332878431984	-0.0243526003062933	-0.0317610211851794	-0.0150852237834435
106	Medium	0.639880573385231	-0.165662605121446	0.253923684965404	0.177134391139828	0.185737243059449	0.0804846911116333	-0.121593718798614	0.0427937072368588	-0.103218430903011	-0.151677048962596	0.0374369512666538	-0.124141586540878	-0.078227867692799	-0.144049252754746	-0.134863143191093	-0.0088623320985166	0.191897838263889	0.0288038263033289	0.0775769242212014	0.0484811226935399	-0.099270009446052	0.0989924447127901	-0.0869757299683754	0.0867147436443204	-0.110218576325731	0.130899526874234	0.0469338411639425	0.0978309185366591	-0.0343145753486423	0.0654871098426352	-0.00268058353710561	0.0336176686662563
47	Long	0.567972679578477	0.124994723767517	0.0985559706359965	-0.0647611440290654	0.160288118128315	0.0501516088899957	0.00259350958129502	0.107398841979294	0.167844098592026	0.0921298907982045	-0.179822753524995	0.0334898284664123	0.0236674368203117	-0.0924817553867188	0.0720501838991746	0.211891310256811	0.0486369588131883	-0.110705443059495	-0.00918213091094078	0.00427424740451057	-0.0601745352319187	-0.108042453449427	0.0812847767096784	-0.07557527366285	0.165843880524904	0.0897197936168169	-0.0835790709355374	0.168432669030681	-0.0279195252414143	0.0422343333668823	-0.162783392134559	0.0116369436245332
107	Short	0.515155092004289	0.187437796921216	0.0844686271948327	-0.140229220715406	-0.0491495766818448	-0.0160105704207379	-0.00684417452189311	0.0221564701840899	0.0594587971476849	0.0106479343699145	0.0615379205296232	0.0788208520759238	-0.0341906284488327	0.0530150564699226	-0.048169641799898	0.0206478321916032	0.0435916045934254	-0.0562446375516722	-0.0163032328409908	-0.00565355802223179	0.0235174163762405	-0.00997023251686429	-0.130008445983914	-0.0449486630798004	-0.0401077463981031	0.02827002606183	-0.137829929656499	0.0866612130135418	-0.133164562623291	0.0760754693856314	0.237811570129174	-0.263276130235015
48	Long	0.548763704228728	0.0832110579897757	0.270989400485772	-0.154517524689901	-0.0651948449082778	0.003754424084379	-0.0760735449669048	-0.00779658453630613	0.113626090073338	0.0555047746730223	-0.0289900261097043	0.0702525356143902	0.0650428218025485	0.0905831277122301	0.00988561263181588	-0.0193241143739985	-0.164225538914128	-0.0656239255964188	0.148840439165328	-0.0288504297713143	0.0464973542331523	0.0714375368635814	0.0329549180835435	-0.043866227977211	-0.284655488247255	0.0222326989759521	0.114930912071468	-0.038960495479583	-0.113611006004716	-0.0507243750861875	-0.155273322280121	-0.00403309612378976
93	Short	0.550122283872225	0.158275993852288	-0.119671749365947	0.016849186336621	0.134759955697095	-0.048524182034407	-0.0376481179070528	-0.0468719564752965	0.0465846509108482	-0.0556569536215743	-0.189873478030687	0.016145141464066	-0.0137293950675474	0.0493564517692781	-0.198497874790686	0.0156423706954775	0.0335428335113035	-0.0430775340651488	0.0150749402029926	-0.12706574171329	0.0471672512288127	0.0488468901057297	0.125429622701962	-0.00271576897999858	0.0910949172431398	0.00199700103022994	0.0984805063481504	-0.117829069586955	-0.216620322358638	0.00414509696754038	0.162632838620645	0.161085803689926
34	Medium	0.585254792145917	0.0454853462204227	-0.0353270406885777	-0.0194303917405628	-0.0858786323201821	-0.0511217642128812	-0.229620827929879	-0.0481574772291625	-0.0633029500665245	0.0220182917000346	0.215781578116853	-0.360918346808207	0.0623786694588049	-0.0910395757823989	0.11300593464164	0.132300589489745	-0.0725718034076403	-0.0594115208267818	-0.11559193830142	-0.0248268997493207	0.0712166460113593	-0.104218032958247	0.136294263616349	-0.0679611104775905	-0.0310099468511134	0.0610470253308415	0.0609315030043606	-0.0158682156662552	-0.0233975510207202	0.0219563862280489	0.062835371681749	0.00180221603563857
49	Long	0.574191083086535	-0.0535606292550977	0.0436111270199392	0.0907961620937005	-0.196641008652855	-0.0201022292902531	-0.186696334499553	0.038231519182629	-0.157271572772807	0.0401465775508695	-0.170337559696076	0.0256893463439084	-0.00444183735219232	-0.0901027671407025	0.189225092535501	-0.246757510206894	-0.175816673160966	-0.0107206047620745	0.0821788851474933	-0.082182167612303	-0.0399286905049141	-0.0093740658495857	-0.105092094261604	-0.0156818264990101	0.103283913624443	-0.0141499517416358	-0.0811623804719513	0.0780003357821941	-0.0666410674587973	0.108912121109898	0.0349763097679505	0.0955038864605404
94	Short	0.570059333588825	0.0106222142275479	-0.218528129945758	0.17545429697555	-0.0322776068385118	-0.0678075203946607	0.0340519382529032	0.0597437305989566	-0.101369720968385	-0.184098653287256	-0.0948059542155148	0.0308899903815763	-0.00308249044217055	-0.06715235290239	0.147278462058844	-0.0123073739962984	0.0544590102330641	-0.0626681880226983	0.0585398240511709	0.155946280193006	-0.0833448891201421	-0.00060084512125069	0.00761526963125149	-0.121877988244625	-0.0102246622744596	0.124439638512038	-0.029229952840369	-0.177844796199781	-0.0997254592083796	-0.181664870285482	-0.0554128734528302	-0.131399821732962
36	Long	0.713562873246494	-0.433528119102344	0.0763523719496806	-0.01173511237217	0.00798780361778573	-0.505272471962216	0.10287093783134	-0.17022221197993	0.0231249838915683	0.189270773947538	-0.0261657542943922	0.026464233611865	0.00646231046211353	-0.043481970803002	0.00112359548276733	0.00603120412387066	0.0901232818713921	-0.0636466667909064	-0.0306811007481637	-0.0125646699911819	-0.00394300820785482	-0.00566954586762507	-0.0146992002215589	0.0257523464450371	-0.00236598799608233	0.00304556591315616	0.00966047214602929	0.00875061183206597	-0.0172611105864893	-0.0163344209011034	0.000503992055265271	-0.0104963525754953
96	Medium	0.574584560625309	0.0140467775215086	-0.0362634565344308	0.133152570739143	0.105028851403949	0.0641553958027942	0.0484661296846938	-0.220032127931755	-0.128111633197111	-0.0529994809710239	-0.153574462972271	0.00249626495278773	0.0469638725614183	-0.0329439078627767	-0.0349224162592793	0.162845325309103	-0.215431173418647	-0.0184773027628968	-0.142597120406001	0.000695000112524579	0.231124728978743	0.172199260413725	-0.142119771832477	0.0666747354899345	0.0200841556684588	0.0426885235841542	-0.0211967203227771	0.0161979664845908	0.0586798701655283	0.00945617827491819	-0.0554222359245182	-0.069612727818316
113	Long	0.552666792528108	0.00888380085953292	0.263057788188973	0.0553050187579863	0.139444364372718	0.0899895085982172	-0.123907087202763	0.0246252607464124	0.0866593212462368	0.0360962067345762	-0.108440934798586	0.0144134866883973	0.0811336209618286	0.0969918391727745	0.19692788338459	-0.0780140349353642	0.0428879652586815	-0.0725786121448908	-0.113803677312874	0.106313398057647	-0.0294058271198623	0.0131338786932779	0.0409974388930214	0.14913225790067	0.0591116570957902	-0.112037232662953	0.111556161636699	-0.0208682390970492	0.112018362972853	-0.16974798478741	0.149634585713556	-0.0376446996989026
39	Long	0.559337303915228	0.052548268175971	0.128605752827822	-0.13221770723344	-0.180530134983505	-0.00983211541237453	0.11659148618129	-0.0504117400744385	0.143860733441492	-0.177156526967377	0.0535812281237915	-0.0939576288444567	-0.0380387242560803	0.137616395259112	-0.0104502668807826	-0.125213575801061	0.0335914090964189	-0.14973109119508	-0.0214910578135482	0.0104884016826861	0.0257307883710236	0.0306577064102859	0.0164209070243405	0.141002723676106	0.108834561506571	0.200848205050478	-0.1176353511379	-0.143202212054622	0.102470220782699	0.0935400685382038	-0.0542783785635959	0.0547549332639891
99	Short	0.544153790977994	-0.0102119414806969	-0.065623132342507	0.124669820742273	-0.118786001560971	0.169916835863461	0.209116247061543	-0.0431519955748919	-0.069275166666935	0.0715718299841438	0.0161015728084229	0.137397768905186	-0.0457774304850696	-0.014436797251702	-0.037578073289292	-0.0131408328649685	0.00432026690628311	-0.198913602138296	-0.140205773522756	0.162806046361837	-0.00962350242153576	-0.218088236357337	-0.0544155221674597	-0.0282864107010807	-0.13426420525048	0.0144770492793734	0.135685714430406	0.0377046668271006	-0.00945491685427902	0.0870850044883588	0.0483190081149407	0.11987741226915
40	Short	0.699954290839087	-0.341392322501132	-0.139724514336894	-0.344647902264505	0.00873000524156921	0.15772096036704	-0.00921839744960724	0.0278200448219508	0.0451720087192791	-0.148707425194454	0.00408223031050962	0.0743019699539875	0.349981912385025	-0.182580922772808	-0.0626801705947418	-0.0890016888440568	0.0348926449406162	0.0301120240318689	-0.0929483139091636	-0.0312709436348304	-0.0023612002818541	-0.00779665787367133	-0.00617777437351019	-0.00405464144751941	-0.00675759193579799	-0.0305240661041554	-0.00550801170853161	-0.00444943191473696	-0.0201802317607761	-0.00157223465219441	-0.00312172901382503	-0.00748506421914061
100	Medium	0.614603025030635	-0.0749062994831562	-0.108936508846755	0.114887252449452	-0.163246245557414	0.0843961323825158	0.15117082889543	0.209884640534447	-0.0683005007107397	0.237292456493832	-0.117798237795016	-0.221633754967894	0.193681105018787	0.0994791220431221	-0.161645260762543	0.0652458088043869	-0.019650391532592	-0.00308394937141003	0.17522874055172	0.0159284984322988	-0.0317982390284104	0.0105185192559184	0.016094226980477	0.127605492618394	-0.0130237855500985	0.00438815915616086	-0.0525005940531852	0.0151758286534093	0.0333371134561854	-0.0482629763631938	0.0384863694638453	-0.0424426371021173
115	Short	0.528756860021712	0.153120622962277	0.0490603818620667	-0.0879617011931094	-0.0407483303772515	-0.00182196505578715	0.00683309853837494	-0.00544254401499754	-0.101941286066363	0.0020413490797353	0.185049095180545	-0.0683147467051699	-0.016063504498711	0.0356792490844752	-0.0294629082928	0.060090589216433	0.0729200748245944	-0.0598803380162911	-0.0629237291795258	0.0492767935206979	-0.0346490782817246	0.0274385794365364	-0.187234828927437	0.0725322304715865	0.0817747412012237	-0.243323443041629	-0.113340015917696	-0.0124253880691972	-0.174018673507964	-0.135998917707489	-0.128984535736105	0.11210527970861
41	Medium	0.716885942820458	-0.403982573048382	-0.188784521999532	-0.320038761299949	0.0763946620916483	0.200912176423477	-0.054401567542713	-0.00575197465958992	-0.0570573688230421	0.0647951748236989	-0.0554372340900898	-0.0541692965232569	-0.338179270320624	0.149102395454469	0.0976930627160906	0.0780439127411014	-0.0130205220171197	0.00356379028843836	0.0712642779539639	0.0173702628615557	0.00833180171793139	0.0228541515323544	-0.00962314795012241	-0.00150992145602779	0.00585887433327871	-0.000197825878635089	0.0188974909079084	-0.0157339702588849	-0.00413637488008224	-0.0082205161149655	0.0138128021504975	-0.00583965094095066
56	Short	0.551683665748656	0.089836252915259	0.0385175327676559	0.0250403565360325	0.0673042886348399	0.0709819671016928	0.192917167651339	0.0195848952823675	-0.0263000649574738	0.0137949429938428	0.100526867823685	0.0815848626393286	-0.0954445190749818	-0.288365152841891	0.129964360625374	0.0802460378736148	-0.00805988852813734	-0.0658927421957718	0.140708969793483	-0.252735208714021	-0.00480894706721501	-0.0276471256114509	0.0539732397114296	0.136618682029091	-0.0564466738447843	-0.0964692968083398	-0.0336274724308062	-0.137399205896375	0.0703368993709277	0.00777339007512036	0.0459905986331032	-0.0263035796981328
101	Long	0.579672437929095	0.00229259852955565	0.106492914167279	0.00449541270816536	-0.0908774829815679	-0.00540206691308604	0.22877842644111	-0.125821713502201	0.218641901326181	-0.199260098862158	-0.094629622850814	-0.218448226484503	-0.0829468099983044	-0.0830477435036645	-0.027150386453411	-0.0336175978717133	-0.0738384226096036	0.141297359493086	0.113953968938813	0.0650383591631059	0.0100944679171695	-0.0669172014004188	-0.0476887257958182	-0.148719719752106	0.0555677935077044	-0.157800351338556	0.0924507429531052	0.0800237894857894	0.0303114301407843	-0.0318846345482154	0.0360187986714487	-0.0161420073077145
116	Long	0.639340059431567	-0.281880779608237	0.251096880103177	0.157928316876365	0.00953461472994932	-0.0471431113531069	0.040353853221184	0.298100246341956	-0.12522977871769	-0.169792101249695	0.0611763144001686	0.093497658667091	-0.0268545530160927	0.163598956801704	-0.0813208922653091	0.0771481180739446	-0.0959692176460579	0.0392333142269205	-0.1064890383825	-0.0879179564574288	0.0648732333071309	-0.0663804057960454	0.105631350435282	-0.134304732627022	0.0323112630430063	-0.0931891232573591	-0.0630939305633821	-0.0533501405343335	0.0242536886853594	0.0340084957261746	-0.0106148817049499	-0.011493900072023
57	Short	0.549223750401337	0.0690327772757326	0.088524005095426	-0.0463328511906778	-0.218477458625081	0.087959714975022	0.111648128927766	-0.0654743257379384	-0.123449126389192	0.0877942530481973	0.134861494494829	0.109246833448597	-0.0374368848313886	-0.00657715807213478	-0.0384141710489535	0.00264164652960585	0.0022950453536357	0.102467783593948	-0.0824641951120866	-0.136801584482541	-0.139745707696421	0.155601923886606	0.0599238548062452	-0.0764167907088496	0.147258034055076	0.155046746990552	0.157297785606862	0.104827428621323	0.0153182117516286	-0.149432284819582	0.00725048657534159	-0.0159242089697337
87	Medium	0.533879465444318	0.171789230088109	-0.150842984515888	-0.0973780158671083	0.161655287522689	-0.136763462906674	-0.0441964075400767	0.0685809375785235	-0.0313795034534009	-0.0596559584382224	-0.00440510084503557	-0.0153237330152901	-0.0261976981697212	0.0428053410988584	-0.0812341964239908	-0.0821863318109241	-0.0268671635717426	-0.0780693255393277	0.0134218954171253	-0.12122433956413	0.00882337697801982	-0.0632893277639739	-0.103093330667432	-0.106922897939134	-0.127765169707725	0.0665339948888174	-0.098004493955555	0.121025947354602	0.219785788647801	-0.191295745624038	0.0514906652091066	0.116876300301578
58	Short	0.580763230399485	0.00391726887215824	-0.0607478277664777	0.153358017603317	-0.0692129950333378	0.103914656690212	-0.0695648927630108	0.0804458812058853	0.219510021437808	0.211127957512004	-0.0535665688936053	-0.0505755965052755	-0.167177824647358	-0.131199804816819	-0.0901793725060339	-0.183788515816101	0.0944975617940696	0.103778802126044	-0.225372062517667	-0.0386402553907263	0.103127159753136	0.0646580857516482	0.0379587820314722	-0.0552333026428836	-0.0813458288725668	-0.0254184710124247	-0.102406623578487	-0.0731649324172089	-0.00274999864209747	-0.0341008125800408	-0.0789710807319359	-0.0331793749117455
103	Medium	0.55888339093196	0.136324177680304	-0.0639894550632362	-0.0397147126663121	0.106099596103267	-0.101433177418316	0.0942969461041466	0.215441448925713	0.0452765201737173	0.0468257628027328	0.0366772570758788	-0.00810701166416159	0.0593707594968923	0.0777215032824921	0.175848682922503	0.0154927262619452	0.0616052616173239	0.260169452441847	-0.036878380202824	-0.0448472344614738	0.0994199599844716	-0.0776895833350409	-0.221990066675485	0.051226192148044	0.0133841855372235	0.113251869301338	0.166769866565927	-0.0696634990977903	-0.0317753566243218	0.0758836003512174	-0.0240634708485931	0.0365423751793839
118	Short	0.619163434609012	-0.0913906766985227	0.0319157171801563	0.177113978831883	0.270376120335027	0.155196307119372	-0.00618875526463767	-0.258752799374509	0.0525102422459722	0.136303993577487	0.212846448528991	0.045064349042082	0.09889371217501	0.103826601441589	-0.029820926254428	-0.104565560465457	-0.0921761267226306	0.111214636300374	0.126713055590627	0.0171985943278339	-0.029668242976151	-0.147294599512376	0.00602002365828624	-0.0626077597529954	0.0750011645036874	0.0743946656118512	-0.121303974047065	-0.0661786308404405	-0.0373925280215167	-0.0224903912665466	-0.00424088221203632	0.00242224600161698
59	Medium	0.523527975524668	0.147228990625791	-0.156075763778556	0.0105530996846229	0.117265459834168	-0.0384102141128376	-0.0361865300134584	-0.0546882404668488	-0.137861342112961	-0.0296797942720769	-0.00955368200746628	-0.0586038025925734	-0.00582567083188858	0.111619932497908	-0.0789217495360192	-0.194031743640304	0.0755645746031035	-0.1025059746975	5.12154423039527e-05	-0.118829086602348	-0.0440787635389598	-0.0689798573817983	0.0507568614126877	0.0250705267889187	0.0504300226358151	-0.124957018941178	0.16425110983256	0.0462531143017096	0.0447055244887166	0.115861328816435	-0.169298306792747	-0.19918950736155
104	Medium	0.555581147217693	0.0895126856896352	-0.058374697213032	0.0438107404242756	-0.0158950404488746	0.0324275807308118	0.135797037134443	-0.134378927903353	-0.0951021621836787	-0.0438893350765951	-0.0330572181022962	-0.0014713308907063	0.101076173412575	0.148106157761367	0.226385094378858	0.00552659320945087	0.2231423988479	0.101471082912772	0.00462848449937824	-0.0054665917204148	0.0529946519894748	0.142521670277299	0.170822522169019	-0.0679669986246627	-0.141082043640975	-0.066948892506695	-0.129033323060574	0.112474244369959	-0.000959141829760317	0.0870988032983479	0.0140126908185783	0.0776456901281636
119	Long	0.650143461616181	-0.112494977135667	-0.268679324736754	0.240335901020863	-0.0672562522361757	-0.0220635585256337	-0.135069344166363	0.0722750134993144	0.295788480291382	-0.0451343720395909	0.205770900088294	0.109488426309502	0.0350063631014305	0.0495405914523724	0.0361747481306895	0.0928277179719872	-0.0205495603990331	-0.120121442058302	0.094273306648683	0.00248596911563598	-0.0301662392558522	0.192719430283383	-0.067340597327155	-0.0326706625542875	0.0459444081970503	-0.0681684776927746	0.0749010437725982	0.0581081408762274	0.0601025702567938	0.0705844888155405	0.00925194476712309	0.0270331729792324
60	Medium	0.568753764133847	0.123472934192595	-0.127771086346748	-0.0903808273510409	0.158555710695508	-0.152845109052664	0.10304639639332	0.118032447645533	0.00192700255379476	-0.0214759815820913	0.0978428747113098	0.0243403719280027	-0.0778677088053347	-0.0629537325158087	-0.0186222322324253	-0.0835577857577523	-0.257188992619244	0.102704431867597	-0.0735974665201451	0.205620462858451	-0.120773577470896	0.0818029587133291	0.177440911557219	0.159335726686611	-0.0362397506233821	-0.00427907801721641	-0.0392245474189144	0.0888038416100917	-0.0453117410388286	0.0447907061296711	0.00983646692387828	0.0070773756803049
